30.365005026358833
9.928065161024229
34.408945817408046
39.46010742547886
47.39305696455286
46.00727694136161
41.91268796546007
18.576158725118642
38.18318404664621
23.37956575289149
46.55808342103134
7.813870277475707
16.11578302039005
7.86613783670296
28.11981385331751
37.644819877550816
33.8785126079413
34.75097695293093
30.67492330423942
17.435655460314294
21.594501956742178
12.632607868772686
3.378378378378378
11.22004357298475
100.0
61.8442555136403
25.307693313566304
10.067929866033058
19.903821820536148
22.724262143228565
24.380127870953842
47.5290664535471
24.467880564238186
44.883932088961224
15.940257904709842
27.568553407979103
18.628667152257265
17.576801681302147
33.45353662122583
13.069261202266006
23.378367263407984
24.396181490616904
30.96041600146558
21.74456110006073
15.826594503118427
17.50698613253946
22.153090659918444
23.296755733899943
11.089388112377502
85.03409574998773
38.498887011485486
75.01098491533037
15.77286958193305
42.96322297305062
23.866525274681468
36.04138625784206
10.283065829747045
37.668394296102
19.956491326635774
22.842555127571153
13.319688303299221
37.57548346887541
22.798851185017217
48.040625550474786
85.25407387456005
38.872167541481566
34.70871405792097
20.85632065416198
16.52051992431771
41.493508724864164
22.395315754053527
36.93289405053958
26.273093712352946
2.7777777777777777
33.22553323969634
5.547748089641567
15.133157454440177
21.755292112698545
35.399416769260405
18.80825914569833
35.234205322536056
45.41260932353263
31.467636303597708
20.305423839926036
37.00729316149619
27.663376118212113
18.917277930163102
15.144346088415315
30.930524575125922
33.87479167363746
56.785912316484264
38.83466359867885
32.23131402006048
65.30477991435868
23.28676118175803
20.308665697667934
42.78676270085568
24.448973073209473
43.49177590745589
13.579126947028508
25.423061285117733
36.529161156337146
73.84935131363946
52.377188682271736
51.66848259072372
34.85550121720212
19.742245599997517
20.94189163664987
22.135742733972993
30.91351745376513
9.172368169312398
24.092740462904263
39.90993014588725
63.44099592630642
23.43044034442727
61.50592878158459
35.24284287787705
43.438359994598265
8.805021626617984
26.711832978300325
50.29434624106794
38.88514983363693
36.820273728010115
51.358499530196646
57.3557426000011
13.258223072943737
67.35963125145608
36.050768681270156
22.8779715618159
23.60496749712029
43.89859286555405
29.909103374059242
16.62842913043017
37.00650396971783
32.7721948794972
23.1026638720133
7.611911014519
42.35134795049985
33.02228433703466
30.973026757438642
9.80591228831846
21.19509543230456
25.37813568674342
29.334183917795364
29.446903698246047
31.193696516741376
33.466380517273315
52.148337291453196
22.221362660792888
18.161162912406876
8.027265914455208
25.893926758209503
41.98201918770927
44.647248731206794
43.08075768814127
50.2383049203289
39.1603709120657
7.716049382716051
25.238911311933794
16.880663133752087
31.617201830036034
35.862548521909204
9.519191450327687
24.526345994506915
21.71036438374921
38.01215007008417
37.613701560777976
20.26841892071264
36.611639550327205
21.143489341837093
32.805631209552175
41.91008717852104
49.28499461174709
44.492353598815384
12.725843359117265
34.01044186531404
22.016502338590215
7.639101515135977
4.946901901992425
10.157527261734616
7.3298000019988
64.66582835685321
49.51705477368581
38.051145062070404
28.75753005533491
38.27628086291817
8.07339146403478
18.76269419043643
35.006674843982445
68.36369644032241
19.00751827414054
51.15129430392614
10.691046371139088
46.13314580168467
36.9104885004851
32.28534276710198
37.44307814011296
32.62893639093502
25.676709066221093
100.0
11.418721019352832
34.988171903935324
64.50267997814069
65.26350283703226
24.71222940463396
10.54066427591909
58.051968673923696
15.188689311452192
12.11109880131403
38.84711370376304
23.63023360923982
11.040329040974688
12.362009140289427
17.6272450512618
26.940521479113162
21.80639402755692
19.209846637100974
22.113793101615276
13.613735985423197
13.059498794569787
18.50489665378083
9.68283727833763
20.221690606647044
27.025902629385463
8.165052364269684
16.41101416079577
24.398308238140192
8.940958245304161
28.67420016205629
7.6988281429729275
15.644575390290782
7.490636704119851
32.455630071446706
9.296108699147771
11.437005053662602
24.514567856453773
26.795447626885387
62.38785668586576
5.208333333333333
43.68787098485723
46.8364184336479
19.52680096203538
28.53261274537419
20.502067084914106
39.87224958121253
12.466139233601101
32.12495965811061
11.499578815765439
26.457408112331027
26.477393853704207
28.45464203648277
48.19752795881063
2.450980392156863
8.447568884466252
30.162753987123253
49.09702856833129
37.27760800284277
17.28346708904576
27.181275546612206
30.087620538941906
24.047215397275078
9.235157167032455
34.84022482046233
44.31367434738414
24.86116369657167
17.712454263568944
15.614473301936854
23.67185452015537
8.369089890237499
53.4126134744206
67.9597954291855
19.53479014954477
46.600314120988465
51.35522773441137
35.77702567233814
18.120555584019684
25.29615372867729
62.45985426634243
14.817679499745463
61.17783795995645
15.293828341948013
14.758056128700053
33.80062769889911
20.33635093389717
29.828113379550064
24.27976431784782
23.272147765464858
34.10132545746893
11.484809748345507
22.335933629771095
14.242151053177244
38.59111705159651
46.98207149862433
34.746831853316806
29.385310438118996
56.25667179695314
22.466777226000954
12.538100021440487
23.05445018953568
30.703263893495457
41.33481690502942
46.17074878864824
32.784446780917555
20.287219336604064
26.429730774623344
23.260328277082426
30.543855225252486
35.842023880084355
36.54547721342933
69.7199301753896
24.013610078234905
46.98833236964646
8.543070892291869
30.78937480123344
12.099735498398514
30.50131068920881
17.574531029638056
44.71900098938774
16.778182263523963
17.032341482798607
4.963773402032478
19.063403692847565
14.096541369038734
17.20179005450909
21.68904603966887
30.41340234666656
19.19438673420583
42.920806975503275
23.123372042527627
53.012347013170526
7.661805030406354
18.42487172237625
25.13286327414141
24.36268140009463
20.809931871505686
35.22391487430325
20.20802086106551
12.632696390658174
12.24360903038854
29.669636218603994
27.224910502491362
67.37841101243454
60.43029513054401
30.876908292409745
30.574008601972203
23.074115306424495
16.56476391227912
18.794648222429938
23.706177859736446
11.481425009144886
24.324994117188602
17.988232928903205
23.560891773786764
17.213809058256135
14.929168849319337
29.273901650958855
34.38238364148667
9.603174603174603
24.1164698710063
6.757663975196977
17.900922830322667
9.60019779765595
14.85540395383825
14.829201395019142
27.996234876293478
52.6121799283698
14.909343570736427
12.36262167668126
30.942640414117967
17.581955248035378
29.120031850608342
19.03752621659091
9.47463768115942
44.5306907336941
19.600427350427353
15.029725168025621
16.883810167407642
19.77790404181522
16.674844283014707
26.543407117209554
30.091591992674655
14.051579008167275
6.882644171881903
8.921459430268664
28.09565478991405
4.587155963302752
20.34920629922741
48.9329694934229
22.9355236125505
11.295076995819677
19.82619634507249
29.65089052706256
23.585995917416216
53.601688160517625
42.17567404392019
11.955535440241137
22.46347058706591
25.7257664191281
23.38375067309843
27.81380246605485
34.17236608455407
50.3974212679254
7.468716413327191
27.31624418870545
50.88469422935656
25.47173254527484
29.995209488913645
23.886668084678757
19.441814269077977
11.839587425371121
100.0
35.531232346230304
19.90351244300691
23.94551684895441
100.0
12.46614105579879
20.59762404653207
10.35764813092671
22.446094354405428
41.52982455240205
57.180844026556834
41.79188223252925
22.330803153412713
9.913336342078715
9.024856161228207
13.225124186785585
34.650272423275126
18.167495922157432
45.54407091962213
19.561557666512034
49.81152142010572
34.08412379885592
31.29658469759562
14.185671108777376
32.18115966093979
52.61944375804942
24.121559040008243
31.143196980752112
16.192983365714493
50.77824304418359
44.54612216003696
38.052304674758226
37.260993578718036
23.343107657061715
28.973778453892834
11.514339993879263
15.279464732604648
19.668962653433226
16.995884591283755
17.352742733290082
15.808259892331947
32.89857257168967
24.572205780198686
17.2261000117066
15.586875897330128
5.859375000000001
11.59866267037497
5.885892021977024
26.413956042338345
29.96930452148863
24.977939011173568
43.03943736977983
5.6725907467592895
9.922075228515132
25.28684846948364
13.84101563261028
33.854936064808214
30.148961609342827
67.12442485503274
55.16027305219284
5.7883631562816795
32.78323772438926
26.987458086529294
54.65046270336059
7.744502746027675
19.064137197330457
28.67948510554234
15.750907637891165
20.43273227328292
29.055008999210536
20.56543273035918
13.979484661969382
28.200046810845393
31.41008835001274
14.359574243894514
26.283688793959104
25.98120410746177
33.77711971449821
17.643566662001177
12.655442181030885
17.909802887497474
60.4662917522305
25.6651541643272
38.22589811304775
31.793814520499097
25.184244410185375
16.806075415680326
53.10530358674016
38.89866949292684
20.679655925612455
57.46908892100693
57.69513647470864
19.498684230766173
27.9369162233017
15.942796202860206
17.865997552090903
