35.30028892284577
9.87205411169306
36.56110987707712
39.55998338167406
44.83182004281561
44.387780499058145
36.40642164456355
19.66841140058215
43.42246172172259
6.513776561661154
47.438280254253925
3.849783728469589
14.893269343340204
14.19839455216701
18.028230225917657
39.38615138983786
32.30364399257952
34.79525445101858
31.145746033921828
8.28164043099078
14.253302116056545
9.146341463414636
16.768112110405152
3.7453183520599254
100.0
37.205503407107585
31.133565566525988
14.602106285343252
18.969762263154642
21.32627286702681
24.380127870953842
49.00525034579021
25.250870675783048
38.65025987026727
11.596660009483282
35.605734918122636
17.153338959142
11.659909421231916
29.550268543125807
16.303778241109086
19.598414534907306
26.712750744083518
30.66234555776116
9.295886892218599
12.631738131038182
20.9501882064274
20.868961133932444
38.86883469494409
10.227615075027137
85.03409574998773
21.468045945755332
75.01098491533037
10.74822064929984
37.68396726519042
17.132892506525724
33.96092848231265
5.22513440860215
36.039968548171736
17.7940988343433
10.759975530970713
15.96649809979784
32.05585270273679
29.830335261903212
46.447219639543235
85.25407387456005
34.42835193947755
36.86923413720346
19.326039081250737
17.897950622467636
25.754277205924758
12.012816597646024
30.242706778758304
36.25906608507482
2.7777777777777777
5.043984445392895
4.9603174603174605
19.065877402646446
24.88701682203771
27.983006501681313
16.50433506736028
35.002443220773436
45.41260932353263
27.33670436171454
16.331742723221172
33.24015465836682
18.895724753565048
12.292539534082069
27.74624513459508
30.6592613122166
24.63339594860951
60.90403269006096
37.61760428356784
33.120663613447576
65.10261169106728
55.822746100925634
17.809749398049256
52.38800746285649
19.704773821384087
43.9035107447099
17.245933517089334
42.26323654720376
17.595937480994948
49.52960993285008
63.79922944346885
67.00464578912086
35.15774593830942
15.456754134888273
28.48775277948891
25.880070415294753
47.146734483685776
17.17176425487368
31.50083264348526
56.35040534781848
64.13553643098055
25.561190450440986
51.2695924249131
36.83583316886554
42.77732920955822
13.466905061199375
24.122506829730327
49.00897399907109
40.057731625042884
47.783458807679494
51.52558820713319
65.1101508035352
19.92297075002384
68.36212698865435
49.54697415787472
21.733001786756734
18.896076014340863
41.415156484270796
17.404354484615403
13.869412470398077
42.6319587036179
33.285278062920796
19.36577203088039
12.04382192979078
41.59650058865646
32.45523309870692
38.41481979808117
7.157384593928688
21.00099224626385
26.80784937717771
28.98226472864923
30.615471351232554
30.195237846104177
30.78091991010638
46.713720373267705
24.205193803443137
13.570879603488297
8.847160168867859
30.406772551569205
53.102080233024566
45.89424417486493
45.3768195894135
29.09672309932955
43.47025613903762
11.660310860847678
27.066746983918122
12.588854684448519
34.92561028119031
37.6110275699188
10.687094915375239
20.727922019626845
27.113970037977094
39.68721500335704
18.313599510562295
21.669656192000353
38.51835624899852
16.671744670254892
26.438925653998684
52.02903057538997
47.67331951568021
39.549725641075575
11.523203912523492
33.26793022560377
16.193502315507974
10.927369688572654
4.946901901992425
14.068040976281946
6.916707542101699
74.3076539094432
46.578440158812704
39.00531623255052
30.099544888122846
49.46437784407118
7.491807177969237
36.70563796324524
34.073251664886904
69.14139387004944
40.26116938723324
54.909147598579345
17.514643419979716
44.11452666039579
26.622441948562454
24.087772469916466
39.831904122754224
31.33121679910277
24.319871964795674
86.06264910380409
15.70329431766115
37.73664649733417
64.50267997814069
50.26760129804959
24.743342854041785
13.396856088090114
55.97236742951519
11.93955155878266
14.24194523689086
42.819001935465764
29.79336390053236
25.85721745951269
10.540926145132666
30.1838727886458
30.941328951366113
26.77929766008137
16.44916585521993
24.469602650412252
20.719925647572502
12.258417062935871
30.086608372174155
17.227439379038046
20.75861799462558
28.43255605907855
27.20068797488025
14.527177455437002
24.02359351191047
14.420830423999186
30.082833220879778
7.682158665304733
19.778954787392784
5.208333333333334
35.21127550548193
13.012199117920819
10.157583696995257
29.653743461467343
19.930331908363915
62.38785668586576
5.05050505050505
33.47249697102197
48.535634870382744
9.483634409397833
27.789866904236714
34.060987134853754
43.32885253320838
14.081828133552271
31.963862990678678
11.098285818956159
31.28013659323956
26.286721706319355
28.515745478563847
42.5809321983932
10.226741467975687
14.710802165330792
32.98710184778053
66.868495181289
36.44603522772066
15.55706095297026
31.392354331505906
15.78762440624836
23.04641915948787
11.562268913320741
52.856210470618336
50.161503334641154
25.465055039237
19.682398656593918
14.006568253985542
27.413022249803394
8.369089890237499
53.52164563372064
49.32520139616977
26.285339960279757
46.28375011795327
55.52938944246123
43.51703171246914
15.308377726013095
26.811193396597965
62.45985426634243
22.93688187849668
62.21905869112383
15.422934229866556
13.565946856928976
30.43883097555914
34.05077822342578
24.441654544247108
23.2599878505292
23.272147765464858
35.79178355422054
15.898968336112548
11.44175148444157
17.813117650583212
40.26996777897982
27.83307608417015
25.9209044894391
36.91106838333627
56.82273968456841
44.279263503653276
15.058239585936992
31.9023066966411
12.989149395167601
38.298117591504386
46.012381560225364
20.089779699967707
21.30452684700114
20.357039533932387
15.858375941421771
30.07698136456542
33.38943485140518
35.4035486935981
70.81047820104388
25.61274527360314
49.40080335226334
16.524024760926757
33.957071417748644
44.88453315157872
32.27622484232625
12.281173999006938
45.57513344439422
17.3769580392781
16.46956996581549
7.961052359186609
19.711380278615383
22.32549528450653
20.435501185338445
30.36594724894891
15.92717794735703
20.140443492907394
42.529430352995526
21.65251991511223
52.88753942044973
9.589958916797345
29.98755674421606
28.589009420965844
26.163151731115626
15.656488480662448
42.95144686071363
20.581852672830905
14.217697176467025
11.515492858281945
33.9417464141135
24.364092076929865
54.80514161618982
64.42674762289029
45.235102572224285
15.247685813683304
23.329922808408067
21.51289585503375
13.170156011844167
28.741974606917136
56.011809090078216
30.97288665607826
16.34527994349358
31.649107798365485
17.81239577830423
14.65605935252509
28.60086308207559
33.73438869053905
4.297473348702634
28.76155075207272
9.644988880496811
8.935747182973582
7.751937984496124
20.061433190226133
9.733514475487492
23.69435444347737
52.88831427982483
12.228464199003522
20.326124755346267
31.949465540248795
16.916437613888988
32.659000876018
13.054510034820636
12.006692471561726
45.175140242815566
21.146875245332712
15.589272958261535
35.11983544411385
21.830092207733784
14.336719975409373
24.0880013752128
22.54573887149337
12.316480748291866
10.969156280816298
21.134502094177524
27.185865430636397
10.498662598862458
19.423239594858458
48.9329694934229
30.5061329511901
11.663281961120193
26.10153459015167
30.05019440695226
27.284832772325153
50.8331908209436
42.44464356525335
8.948605548387574
24.101173056563194
25.43727885688569
28.27544395340916
31.476798570433505
21.495175779159663
47.38242397253457
7.5438596491228065
10.356772991703963
45.05431181796497
18.525382802332526
32.35104097073378
16.62585314636876
35.92092236965029
11.230478193370592
100.0
31.557888411885397
16.22713723536212
26.74079459739891
100.0
12.89956953345987
40.45531980821473
27.5159329105445
17.74782166572053
29.461314939068746
51.969364907825735
44.575683873124966
83.72659342671803
51.35310018780541
18.053732781659633
21.0015152127486
39.33886717548077
15.905271917262349
53.4185330785383
26.458409061324506
45.18641152283613
32.32902216467652
33.24727645462145
39.58490957644526
29.302257177266753
52.61944375804942
21.929993024093267
28.980258702366974
15.753864481765683
29.04286793445303
35.25260000745593
41.895203724206
36.87476823976882
19.803502797554383
19.248480600113453
17.1435050335126
24.089891990660707
37.22664641604091
20.23416696603173
19.8159410400861
17.996366179875317
25.43520169773777
33.42751463823195
17.68682817498635
13.168198272290981
2.232142857142857
15.693066455243601
7.804109015668434
33.45792631755359
28.565686024925114
30.67189717497005
41.85450678858245
7.311033371329742
14.851460455163327
40.22135093195664
13.902861231960955
41.834411592982576
32.415336710192015
64.73036531155742
52.147110452548105
12.1851651955848
27.1430876211586
29.39409689474609
5.608974358974358
18.362062556061247
16.816389971041282
26.190148180015242
15.09233840298519
35.35629745477214
10.158846778242937
19.41499832393451
17.538537797042324
37.70979552134897
29.791328764385455
18.404570359995486
21.607217343738526
17.948239667223902
24.714237751081527
20.073758275313246
16.228322574024105
19.87258759486971
60.98013832984805
18.68088088098315
48.69373598500768
30.480424498965537
24.31891374822934
21.57796091653449
44.1646063610473
39.71860190349108
21.301548616306125
53.463280932809596
43.21470451812488
14.367839537109047
31.341971963962443
18.97170661602371
21.227347053314894
