33.18406375360809
17.760926394825606
34.926662130379974
36.790449246154125
48.604607047355955
32.75830316289971
36.75435902471418
23.978353073739154
30.598153859525688
15.093374262742998
46.187799136454494
3.286579287334575
15.928977508218367
13.926263724158211
25.507853997048752
38.83294844594049
36.158288431368184
32.62211403635561
30.527243006056658
7.567749055901281
12.849935413614192
15.066691940863933
7.291666666666666
15.375621597259325
100.0
36.5419251977223
25.941573377676924
13.868679957188798
14.481485737865166
17.681193777201035
26.269366435256973
52.58560370726696
26.19404707979818
35.87191247774759
12.257118486609068
25.038876526322905
10.565684761092433
27.587702357389876
39.42290465389975
12.948719785663364
18.850705524779006
16.462541170152548
29.555092335167267
9.387148646191008
18.53387191028962
17.178392487099977
26.13727328125035
20.848027676633617
16.557116506460165
85.03409574998773
27.205980641696904
73.51047223393753
9.82646458550495
35.493220601378546
11.870613700290292
37.968124274497946
6.935133969776795
33.989285676665695
18.171023207663424
10.193244264799814
7.936749625767909
38.166187355500924
23.030179624516908
54.32689812739836
85.25407387456005
34.76644850827604
20.81624754048261
15.604483906029929
15.859205173804991
47.23546028800132
22.26563521105138
39.161078509990496
34.96545602986962
2.7777777777777777
55.982470508732895
6.535947712418301
13.290828887471118
30.710061120057336
25.76476184119577
15.851824062958517
36.493170072632154
14.890348367889816
29.74233878544717
14.024945885553372
37.13971510438118
29.674380596188982
15.207126536029476
18.656153051043606
20.763431530372838
33.19703941825659
62.31961651671879
38.757212557001246
38.30552511256926
72.03923974660763
21.292985958353196
16.50627739285008
40.672886605886625
20.960584166293607
35.79458680231422
12.838982993888806
41.34239634303879
20.784678496259616
38.62398668370688
67.00370335392675
44.22560041623452
35.660658524730046
10.479573184204064
22.722936550064308
11.883219814714774
8.442344961240309
17.727970401974815
23.669377556566076
41.778498255843886
64.13553643098055
25.047948573172206
58.81645111496627
39.666870626391805
42.77732920955822
9.657810148141492
28.15448666254698
51.44451669350579
41.194441376004534
37.65491208467204
50.68552199404881
65.8753126410248
11.306402615034857
66.30668460465489
51.48854250050094
18.03497709192978
25.251974367121843
61.374093277828834
12.304559212076352
27.85505008518833
37.63449706414843
51.29099850851695
18.767928261748548
7.122507122507122
47.398404886143304
33.47269150108955
28.37040459986194
8.671990248641807
22.546278992827542
27.446470655428335
30.455195633467596
29.750250967483872
39.90597328323239
37.54469807660162
53.10403841626014
27.573481731852432
14.693610880372626
6.688040049375942
28.389843420843675
52.85356225211255
45.55537141606684
51.44042927610229
26.287220436096653
39.07985667302108
10.372297712436916
30.296959178633664
13.426725436823347
34.49410896300741
40.86047225048452
10.779267956387088
27.481482762064356
22.873725099287277
30.438771862971635
20.222056724094696
20.260940434668846
36.3004862951336
15.825538281309893
24.28500637251591
57.19602356450053
46.33789622295733
32.637723426542834
11.725955204216072
35.72318543566515
31.701613174553
10.3321354632363
4.922540861906658
13.82537318341092
8.384615384615385
79.95435534878246
41.056369335144424
37.7058028058279
32.04090849659785
41.90910323368177
5.911443965556485
25.217100890616965
42.673046985891155
98.74264325462279
38.15403160217786
55.84463091443397
12.107389395363317
41.89242555947397
26.891457176791157
20.101827455074922
49.47804554941679
35.744815527080775
22.7978263212744
100.0
19.16702706723715
37.599654276308
64.50267997814069
44.01037248531713
24.743342854041785
13.58439756341873
56.88064346757319
13.254946271464362
17.922823523826796
45.773467346531454
27.440272580541546
12.005408627693196
11.387774689118382
18.57676543269918
82.06892253848284
19.092079433116645
17.174761053902447
22.428714771259123
9.034179388623592
14.964104211149643
28.29345308957492
15.403086591061962
18.47420574537869
18.644601864601626
20.51742063126092
15.573110028581768
25.549210257762756
16.067260668926075
25.103815045416827
7.682158665304733
21.67342736331449
6.628787878787879
36.14481814735871
11.911743531681457
18.68675243646428
31.222775672721582
23.376852867529195
61.537601529358454
13.163458015052004
39.57127208726241
37.379391404934736
6.932282819182049
34.163835721052685
16.88817870664679
36.35489507171913
13.519917233356992
31.793189621673733
14.622116261860786
30.10491125844937
26.68669043805945
31.07661206145464
44.321940285464066
3.03030303030303
4.129481566402789
31.910154506918374
45.28140024050158
45.73517154117685
17.430944357046528
30.797040393888654
18.615954570495706
22.05048973975442
8.706850410400357
51.269101900267145
44.147936665618474
25.054117784827675
21.4090006304221
11.328211395409475
25.93991037637417
8.369089890237499
59.4376056352619
67.9597954291855
20.817448084133673
45.560673736811665
54.13337534696582
40.26887612752478
15.509376472282653
26.969177248863957
62.45985426634243
31.25222949696269
62.21905869112383
14.499132533283662
16.762727347284287
32.506502420612094
26.83406602654632
36.312531302392856
26.875218938076706
24.888774822407527
34.57460798000178
15.885814129175069
16.232125308326832
21.153712597749035
48.72076835630885
46.63086063484293
21.141812850588714
43.15273302235399
56.82273968456841
24.96212661544865
12.584456433516344
31.9023066966411
15.635946759163016
33.69273201640842
51.00244912926642
15.414012553155693
20.34739884491894
28.763994464193882
23.78143930074115
29.236945964787285
33.266371692745956
42.53135954573631
63.02029764889987
24.09577344743441
43.986377930968764
29.41118270092965
30.663743562433922
43.64975817198609
31.09048367745902
11.72353721655146
37.87370242614364
11.361169318834099
17.41237011085095
26.528035875058492
15.858773449915505
12.900881957915242
21.15671795170508
22.11181160681716
27.843934582335013
12.813585814745041
39.59632146065603
23.237008329454923
38.32986913307479
12.193638630420239
28.65600006235872
27.212287028888333
23.714695124869536
17.680435872532975
37.66301793527326
57.38990434374773
10.830137838117938
14.378440717001272
37.5873161146206
22.164731127631793
67.76901227750585
59.63379306729949
20.635836423643457
11.855057568346208
40.598552947036275
11.360598106676608
17.01721965270907
25.464553144119346
32.38973040089161
25.728161027216117
16.658332421212755
27.538922939257134
24.329075107249235
14.234605617794314
26.690910026555407
27.579467617586882
4.482652155455211
4.52421464849428
10.527284666161888
17.020241233226322
5.10204081632653
24.06526760523235
14.7980652213121
28.089466642487892
59.00209468789821
19.638370345013584
10.037545835953821
27.26309972236953
16.466692227861007
34.68491814158502
14.17658522978693
9.58849272515297
34.86763698252274
18.33758945388368
15.744479754492726
28.197808574054793
10.581371196705856
22.09406990930633
25.78707094833393
8.722237153957044
14.617236484600918
11.700431305350891
8.296038561440554
14.493833184463487
9.956739936379543
25.28233038714866
48.9329694934229
29.758759428933466
10.922705772958736
25.51185660821283
28.05135938245108
25.146833023497955
50.07610570227479
39.72926744953936
8.948605548387574
30.974216831404146
20.26909129891128
21.859115366958207
27.283282927675085
35.831515408930706
47.87628434365879
8.377192982456139
27.087842002409605
46.901694514886756
14.889767811166765
16.665450224891323
24.28823350736455
24.149987820501835
6.804435483870967
100.0
46.703947954638416
12.899120407286752
26.853765450452915
100.0
12.841921521604755
15.097351951611124
53.00805549418606
22.883992946260005
41.65917890048305
51.969364907825735
48.79982531704048
21.837502995863172
25.3335365519528
8.38929765952705
24.103629701217148
42.29427437960313
18.919444523087826
53.4185330785383
14.37126262015241
44.16970981812491
29.188595894068865
29.570802818902003
37.81960976072487
32.165247511472
52.61944375804942
16.804121916359584
29.27646138505319
17.630763146300023
10.344176366089613
22.57726495836094
39.37471675061801
37.260993578718036
20.45640705642107
21.63406421551967
12.297497335673652
20.564600935004922
19.864596814110094
10.42851044899087
20.79373420093035
16.412065201123955
27.851819220903963
26.569206220830466
13.058910048349958
10.07899725089256
6.310403448183548
14.800148923909761
7.561093627371609
26.60217237002923
38.05545743854141
28.396959183635257
40.44186501675862
5.6725907467592895
7.872849196860218
37.00283503936157
15.696016178434597
52.78651349748865
25.860086840204676
47.3915955368605
49.05470018556659
16.192322528789163
34.013000369781075
34.847207385907076
5.201414209936214
8.775981524249424
18.28235756203284
26.41368065643428
21.582891373649588
26.0742127838767
9.197492159918925
16.59660226518728
20.22703301148589
32.459733505267245
24.30622059957009
17.332529651207444
21.99651710113976
28.60472868864709
18.22436462915166
18.879918977664065
14.394005724928242
22.559531601120472
39.6289808980572
26.206082592877245
47.70460526528555
57.82902649992274
24.029933836127253
15.937599492060887
44.64374115227845
46.02513064184708
24.64678149935942
53.463280932809596
50.55024663588771
13.839564089319753
32.019159138925616
18.981262306731743
19.29861968570484
