32.89567023063979
17.425211292784475
33.66684383471152
39.46163406508807
50.05659040689131
40.143670742695264
37.69456629024877
31.45636173869174
23.922801416538455
7.114410378049136
46.7511218947731
7.830487383473302
15.337233129380781
14.472593312549368
25.061635718730763
32.11284103239861
35.83279311102252
45.54391968994835
33.27215052308553
9.4539421956122
21.47239789560561
13.484642832095762
10.555658799479652
12.316176470588236
22.053712186099627
37.2290774643054
31.92027064804116
16.442007132252677
14.399770962672411
22.23845091812364
11.17399635289245
51.51609502476947
22.112204578648203
45.20995617552463
6.902212396432662
31.734062298588622
18.077622047721164
24.246168514397546
34.06765368912434
11.73848403797865
22.478135249155848
16.33498414549782
28.306273745454025
23.34324065901558
15.826594503118427
21.622496317277527
28.172132790059006
43.921723591217116
11.889196571534065
58.32168742195075
20.151721556868118
73.51047223393753
5.908047597538405
41.92411276019863
11.2414561773565
33.83361296176562
5.22513440860215
35.88139510811323
20.16212653763621
9.134993870896686
11.283504278647586
36.366774259545785
25.173975554628157
40.95672647042314
69.9573481347606
36.025213075514046
41.68342849782209
13.834188824608928
18.13872919102548
29.916637216789844
13.712304054907975
44.81394134732973
28.131923588379436
2.7777777777777777
12.266563574038942
12.39700901119071
27.417954127181915
24.88557251152947
26.057324813072974
15.491445173809721
31.99363298919382
14.031241220736613
29.710551625065534
20.305423839926036
42.023854327916226
16.27117707996743
17.70254873312699
23.76170458585139
25.025198820085738
27.450858563911673
60.24672923334386
36.712756915181295
36.62550926597448
68.35802451115944
31.523700765430192
17.180687863401094
43.40420791715574
17.74056179129444
39.05668811406773
14.964793690658023
41.5348461696867
19.059037922546782
43.663405621017745
49.85476192270653
45.2966707175207
34.96737160949765
10.790583479239212
19.122701496303367
16.294419698006042
47.146734483685776
8.922588447640239
23.549327437413815
43.72887667152478
65.59722665714098
17.974539591302772
44.554773076944585
27.33787853904176
30.867350509552526
6.4148777036783375
28.19999144496432
50.82258822504333
42.88558751716129
32.48796657201438
42.13170287857351
66.02612262996027
15.478530983903749
65.97367090192171
47.67794903819877
20.60664887073386
33.52982365223925
46.87595423822615
21.536050994538147
17.28212345238261
29.737913590415722
54.895462900695804
29.74575318626527
8.36352657004831
43.37543716123314
32.88786059659311
37.212256856464414
13.077217389195583
22.140541090678603
27.245440466602165
30.431137791425293
28.36743991684447
36.218026149988326
32.84594751844334
47.17848265147666
25.800118998487882
11.528935263581412
7.079828365287044
37.52843511160269
52.11510174208396
44.83534385092206
49.20197803294495
40.428862999063576
39.16765051380619
12.387085800921074
28.112506965006368
12.565109678090813
34.75429486225731
32.549433932633946
8.893894090052251
20.459360873812802
21.268183965725235
28.0498552810356
22.007580112954216
21.856736729131303
36.266214125649306
12.88191933080296
25.211944365028998
55.73882118666005
42.319729309110535
36.59606289225549
13.095889704501484
34.8542670951504
26.298386638262688
9.330550626836152
4.946901901992425
13.160836722226266
10.79299357576675
70.53574967319452
31.554234281064602
36.398640503834564
27.94832278587486
39.804562851774136
10.504462671689755
23.217957208020884
25.77667609969536
98.74264325462279
41.337509851444956
54.71813258176338
17.684347355758785
41.89242555947397
30.06400852622832
25.665657411574355
36.13380251131863
29.025911067849275
21.37364938041694
100.0
14.918540788118943
34.820337664928545
64.50267997814069
49.63957660754758
18.219085438329305
11.419014883922301
55.55537223898277
12.35359556779458
20.72529304654516
42.9761734151122
27.796238052455685
11.00471211830929
9.531794339867686
18.03243696118815
24.69548741134016
24.00489245828769
14.347151835687594
22.739798151021574
16.678465369344988
11.173010550671645
17.8160227474918
17.471663423346318
21.975224464133763
23.473743533387502
22.243544794892227
15.212192210071853
23.40931654351481
12.192685729498844
24.08018940492643
8.941051247390734
22.375541969588035
7.662835249042145
25.6490395943624
8.377431710513052
19.282013319364793
25.13717143366386
24.2387941705967
62.38785668586576
3.968253968253968
16.527639793880876
36.38541418256725
14.600653085566377
21.499494999105412
14.312527493214144
37.58101757873598
12.551503687737355
7.433888783490376
9.668821704686794
30.297089200408035
24.79068122889402
29.050162206130814
43.2702748685217
10.226741467975687
9.066583691492145
33.037513483107226
65.9765766259525
38.813093794093525
16.830987521812677
27.409762686524903
15.849445464018716
23.05647699595629
3.9749952280969647
49.28949086708365
47.8144746528975
21.018379773344854
22.823041847588634
12.52827826731296
24.23370612132563
9.09392871414758
62.66882656959617
64.91505882164488
19.978390318423262
47.026229027104534
55.52938944246123
45.59718443668632
12.979624959212185
26.969177248863957
62.45985426634243
32.74529649818015
62.21905869112383
14.757639014469175
15.210954980798943
32.12879233680726
25.485572258037344
35.881318766315935
26.875218938076706
47.656300663805155
35.15237974835788
13.012916145030177
13.03418399707598
19.766549274334054
49.05014216917496
37.02802893965903
18.02436719255433
43.35356390755399
56.25667179695314
46.79650954598632
12.538100021440487
31.9023066966411
10.576035303373478
29.982979335258708
21.315108941472722
18.03981982268353
20.470410027204583
24.813082461648346
23.416420585592636
31.338650553327184
32.856848508382875
16.151253655250336
62.352605165298534
32.63028927201186
42.51605302075699
18.098319772505462
33.1439092504413
42.772686141613605
23.372133232814353
12.563999073331662
21.073495172678548
19.7767493104318
17.676009826606364
6.7488044373116685
18.712044359222386
12.19909553030071
21.01364261655577
35.388149241490154
34.230575034286574
22.187153607730224
42.7776082428723
22.283107279427927
42.83281403448528
8.468346992151927
27.225787156826776
28.457295317751015
21.80039869978439
21.03636041138336
30.285433595850215
21.88150496010178
10.022976716154977
15.038802420330624
34.81322586909795
24.80569278445331
54.80514161618982
58.623522166437034
21.65444883509214
16.698268311176427
39.96296642553555
17.321293689343563
18.53882155179866
40.01692590531774
30.877220894683898
15.645151663197288
16.296838852159052
25.142037175133975
20.567403358937796
13.617383068647698
19.30580392109944
39.227839690617884
8.84920634920635
7.907713338907231
9.209412651673567
9.034036084257286
8.503401360544217
21.235271209794135
15.510394164872446
24.04097114614781
59.00209468789821
15.005200074475836
15.853425007824768
28.970165720400875
20.19178555581992
27.976362908275977
15.30626287080227
12.13888888888889
41.903793591198266
20.985280151946817
14.641714293643556
20.312101706500147
28.474901802135467
11.76655020281943
21.962787408129874
16.459098276487328
12.251812942444367
11.496582467047482
5.429498081061186
24.44699643115773
10.392814489552183
21.99054884148764
48.9329694934229
23.91369210887
15.482281704592607
18.37529107331791
31.112447925026615
26.68925918541917
49.34465209376542
47.998301887882
11.315706733286758
23.698397221217093
16.468443250275534
27.370900180722725
20.541623748856196
28.382683150101123
46.82979537503824
10.497623401594709
11.883967278932602
47.68229056389941
17.026523170209888
29.38636028686753
24.412624547212463
23.789029573012016
7.531701570964835
100.0
36.691217457620034
19.25631563427335
28.353774126440307
100.0
10.588878262057658
19.63888132406355
29.57774537238208
17.111001387061485
35.57759050042042
51.969364907825735
47.42142986144063
55.53459768016956
37.07027303465898
18.52193084818569
22.855535126832457
21.29770774885972
15.23233261656104
50.243466687535886
22.686879445302832
40.748467829347405
26.380400209414557
37.132318775653225
41.72372845029627
31.85567527658818
52.61944375804942
32.757657327257434
22.09155621747567
19.955779351200153
12.558888851980296
20.50998634384426
38.94199703828384
37.260993578718036
16.38291316958678
18.925270390064313
17.560358174933793
20.94047120293166
37.577152057360856
23.710021343773715
19.591143517384072
15.906266537628936
33.67044237884708
26.613116882484984
20.979013936812926
11.406503596014975
6.280202991021552
19.66888466097801
10.331820109017228
33.14037870789855
30.90466845489009
29.4127768126564
17.114802878314983
7.841396596006464
9.606883053257766
25.21286571965795
14.007591070200728
37.064180556814094
30.842196804077915
77.71315642652156
55.7327671902363
6.021819125018125
32.57248181087154
31.276729293274258
5.608974358974358
12.120891928584234
18.96497654598715
25.999886462952794
17.650629041004333
20.428401084568158
11.557519328344114
19.347798016339127
10.935932827989015
25.493386478563608
36.537680911634816
18.177390969017335
25.730160067792635
26.994712127185732
23.351812787956277
17.311021256059327
16.706909023221332
21.305473654652154
40.79764228363167
26.531535476646372
52.53750118074414
40.30311628310836
23.915192289631708
18.868798040345748
29.24145123720795
39.10834605486288
20.801929036415444
19.583399266819633
57.12620142067026
20.344272644368296
30.236824552539236
25.626301531807492
22.67015918379792
